intrinsic:
1468.3733037228267 0.0 677.9820243507046
0.0 1468.9355961072235 506.85866864368916
0.0 0.0 1.0
distortion:
-0.023392706239379352 1.608661270414654 0.0012387678695902603 0.0009848862216165356 -6.3256935594556785
