intrinsic:
1421.9934702409475 0.0 686.2143340430631
0.0 1422.4777945982698 506.5991150676806
0.0 0.0 1.0
distortion:
-0.03550764448886421 1.4808244382565512 -0.0004403179199979415 0.00264987234430199 -5.064512572424871
